# omega_scf omega_cdm h omega_b logA b1_ngc_z1 b1_sgc_z1 b1_ngc_z3 b1_sgc_z3
9.319598446029389681e-07 2.763328017801030338e-06 2.508053738593378630e-06 1.085835537801690047e-08 -1.114082792652179093e-05 1.255226485776521166e-06 -1.270035513124383915e-06 4.488221725060112660e-06 -6.378980460343013076e-07
2.763328017801030338e-06 3.754766854151679492e-05 4.568656801900945535e-05 4.010766280252296035e-07 -2.609137397176302352e-04 1.279744561087985621e-04 8.989881221425873915e-05 1.468612509293059005e-04 9.740690022984029375e-05
2.508053738593378630e-06 4.568656801900945535e-05 1.333570877867599753e-04 1.207340450909811272e-06 -3.601262118706735128e-04 6.731909408807089531e-05 4.413388196550883718e-05 1.018359920693300095e-04 1.022628782323613099e-05
1.085835537801690047e-08 4.010766280252296035e-07 1.207340450909811272e-06 1.385115453543628049e-07 -1.580115032725452612e-06 -1.991676130293223478e-07 1.682952823513321039e-08 -2.663025796335253563e-07 -7.208970264680706861e-07
-1.114082792652179093e-05 -2.609137397176302352e-04 -3.601262118706735128e-04 -1.580115032725452612e-06 8.674983940407136537e-03 -8.943899565764426574e-03 -8.733119210224104742e-03 -1.003871666716110028e-02 -9.496278576516923101e-03
1.255226485776520107e-06 1.279744561087985621e-04 6.731909408807089531e-05 -1.991676130293223478e-07 -8.943899565764426574e-03 1.169423092858802582e-02 1.005307588695406387e-02 1.132007696552573411e-02 1.109771927378681508e-02
-1.270035513124382856e-06 8.989881221425873915e-05 4.413388196550883718e-05 1.682952823513321039e-08 -8.733119210224104742e-03 1.005307588695406387e-02 1.304187123894663333e-02 1.121529792681881521e-02 1.107473018487404627e-02
4.488221725060113507e-06 1.468612509293059005e-04 1.018359920693300095e-04 -2.663025796335253563e-07 -1.003871666716110028e-02 1.132007696552573411e-02 1.121529792681881521e-02 1.418459709957457272e-02 1.222122784156673934e-02
-6.378980460343022605e-07 9.740690022984029375e-05 1.022628782323613099e-05 -7.208970264680706861e-07 -9.496278576516923101e-03 1.109771927378681508e-02 1.107473018487404627e-02 1.222122784156673934e-02 1.460195815990169253e-02
